320
200
320
200
320
200
320
200
320
200
320
200
320
200
320
200
320
200
8
7
15
15
320
200
320
200
320
200
320
200
320
200
320
200
320
200
320
200
320
200
320
200
320
200
320
200
320
200
320
200
320
200
320
200
320
200
320
200
320
200
320
200
320
200
320
200
320
200
320
200
320
200
320
200
320
200
320
200
320
200
320
200
320
200
320
200
320
200
320
200
320
200
320
200
320
200
320
200
320
200
320
200
320
200
320
200
320
200
320
200
320
200
320
200
320
200
320
200
320
200
320
200
320
200
320
200
320
200
320
200
320
200
320
200
320
200
320
200
320
200
320
200
320
200
320
200
320
200
320
200
320
200
320
200
320
200
320
200
320
200
320
200
320
200
320
200
320
200
320
200
320
200
320
200
320
200
320
200
320
200
320
200
320
200
320
200
320
200
320
200
320
200
320
200
320
200
320
200
320
200
320
200
320
200
320
200
320
200
320
200
320
200
320
200
320
200
320
200
320
200
320
200
320
200
320
200
320
200
320
200
320
200
320
200
320
200
320
200
320
200
320
200
320
200
320
200
320
200
320
200
320
200
320
200
320
200
320
200
320
200
320
200
320
200
320
200
320
200
320
200
27
13
24
10
24
10
320
200
320
200
320
200
320
200
320
200
320
200
234
149
184
120
71
43
36
48
53
164
150
164
204
164
9
13
3
6
17
18
150
47
123
47
32
38
10
8
115
56
226
73
236
74
235
84
236
90
224
92
88
60
153
94
155
70
170
186
170
186
158
67
87
101
99
145
20
94
18
82
18
91
17
31
23
42
51
36
75
131
43
73
80
96
90
161
50
142
80
96
80
96
31
27
29
27
13
14
13
14
29
27
29
27
13
14
29
28
29
28
159
84
159
84
135
164
105
138
87
122
50
75
20
73
7
65
6
11
6
2
1
6
6
14
17
61
14
99
19
13
25
10
66
28
77
114
83
142
81
86
43
39
133
133
134
71
149
58
162
100
109
68
163
196
182
162
6
9
126
111
206
79
193
61
279
113
276
108
223
81
188
60
17
27
19
26
320
200
47
43
127
91
127
91
143
120
143
120
162
134
128
74
128
74
74
9
53
8
21
10
153
29
146
30
149
27
126
16
103
106
108
143
117
158
55
47
12
56
185
112
15
187
33
126
50
61
50
61
93
190
61
107
38
61
45
35
30
28
47
55
47
55
52
28
95
48
124
60
147
70
113
66
94
103
2
3
76
78
124
44
57
28
37
39
42
34
43
34
43
34
43
34
42
34
42
34
128
110
61
152
132
99
161
55
124
44
19
17
19
17
58
7
7
9
26
132
22
24
22
24
22
24
25
24
25
24
27
24
33
33
96
134
96
134
96
134
96
144
23
51
23
57
27
49
25
49
30
171
29
170
29
172
29
172
100
72
97
74
320
200
87
18
83
17
80
17
22
39
22
39
22
39
22
39
159
200
95
119
89
124
83
126
60
122
94
117
77
104
59
80
54
65
68
59
60
47
80
43
138
58
34
48
198
200
256
60
278
91
277
103
291
106
155
68
96
37
106
44
52
59
59
62
54
55
150
56
67
70
117
164
79
92
85
123
87
132
81
45
33
16
57
14
156
120
171
175
37
26
64
88
106
139
125
191
138
192
88
120
109
127
72
61
43
77
41
64
39
64
56
55
84
61
68
60
86
58
6
2
77
163
16
8
12
18
6
15
6
17
6
12
9
15
11
10
45
12
48
14
215
99
158
76
215
99
122
114
218
155
166
150
140
34
200
40
170
33
177
8
12
31
15
67
18
60
16
26
41
31
41
31
41
31
41
31
41
31
41
31
41
31
41
31
41
31
41
31
132
77
126
84
106
71
179
60
84
43
121
99
170
99
156
112
231
66
18
20
213
91
132
200
61
64
67
81
66
27
65
27
124
162
320
200
133
192
69
148
49
179
72
200
185
147
64
70
37
57
19
9
26
9
27
9
77
196
121
200
98
191
320
200
320
87
320
79
320
87
320
68
320
55
52
47
150
116
54
52
71
34
82
40
66
100
42
83
35
40
82
71
157
105
177
97
155
30
148
88
128
27
81
11
116
20
6
12
12
12
18
5
111
107
54
167
3
5
4
5
4
5
5
5
4
5
4
5
84
72
144
77
145
84
211
54
61
29
61
29
120
156
32
134
32
134
93
179
53
87
51
92
27
128
14
73
80
182
61
200
320
68
320
75
320
200
34
40
28
10
86
65
125
91
320
200
320
66
157
71
168
154
168
154
167
153
167
153
28
15
17
12
17
12
28
15
56
146
185
171
184
170
13
33
18
12
18
11
228
103
242
176
126
154
91
154
78
9
92
9
14
9
30
8
54
49
21
46
51
23
51
38
17
6
15
4
96
42
283
62
18
9
24
22
26
26
61
29
78
22
82
84
64
32
92
45
80
43
84
132
283
77
283
74
102
82
320
200
320
185
320
135
320
80
320
35
32
34
83
74
208
195
320
200
178
30
65
62
26
41
65
100
66
100
13
7
70
101
76
101
8
5
320
200
45
38
58
15
58
29
59
55
64
73
59
75
43
75
40
75
41
69
40
45
17
38
15
26
17
31
17
10
17
22
17
14
18
24
29
41
69
73
43
43
82
32
133
24
95
52
48
23
8
6
6
5
11
9
10
9
8
9
14
7
66
39
142
139
248
47
76
76
74
82
51
83
192
63
142
139
248
47
147
32
139
100
138
84
140
76
134
64
127
36
88
65
96
163
86
161
49
149
27
135
31
93
21
27
14
11
29
17
22
17
66
30
55
30
114
77
89
77
50
47
54
28
35
26
34
25
51
31
40
30
51
32
38
84
50
94
37
80
37
90
51
87
23
91
35
93
33
102
48
37
33
6
31
11
41
12
10
1
50
19
67
10
52
20
44
44
22
21
17
15
11
11
20
38
56
51
59
45
138
77
19
19
26
28
320
74
153
77
128
155
44
26
43
18
33
29
12
23
29
32
32
22
320
74
161
43
27
45
59
45
42
45
188
112
207
61
197
66
142
61
19
14
54
34
49
17
122
65
187
76
180
54
34
57
26
48
51
73
60
75
35
85
31
86
22
40
94
76
132
75
76
74
27
53
38
34
48
48
70
48
96
60
291
34
247
24
320
70
320
31
157
36
171
85
51
28
94
80
137
105
47
89
107
80
81
56
81
56
54
38
45
34
39
25
11
26
5
7
4
7
84
34
7
12
7
12
7
12
7
12
31
59
30
55
127
136
59
13
108
19
75
12
117
21
96
68
89
56
17
25
44
52
16
19
41
41
55
22
24
12
74
24
43
52
59
31
45
57
19
70
71
12
69
12
75
14
254
61
69
29
181
62
54
81
98
113
10
10
320
200
320
200
54
110
65
88
131
70
206
66
206
66
206
67
161
52
11
39
24
66
24
34
69
104
93
108
66
99
64
76
36
60
42
60
24
53
13
39
45
52
61
39
134
200
115
200
111
200
81
17
16
16
19
8
15
7
6
3
6
3
21
200
91
200
320
60
71
38
320
200
18
32
120
191
127
72
41
59
35
27
118
119
68
12
66
16
320
83
63
128
69
12
69
12
71
38
127
200
68
200
320
200
67
12
67
12
54
19
175
63
25
11
26
11
15
14
15
14
86
13
38
11
38
11
180
169
38
22
175
63
320
200
320
200
115
37
35
38
45
43
312
92
151
56
178
56
185
80
162
79
284
92
155
90
160
62
259
54
155
79
129
61
229
59
280
68
181
89
78
48
268
69
150
43
260
76
156
142
140
96
151
160
179
87
123
76
143
92
131
140
180
169
180
169
180
169
191
115
54
12
54
12
52
11
52
11
46
41
41
41
49
10
41
7
320
200
66
10
198
73
320
200
320
200
187
77
284
92
